-7.87283617503
-14.1362344376
-20.3996327002
-26.6630309628
-32.9264292254
-39.189827488
-45.4532257506
-51.7166240132
-57.9800222758
-64.2434205384
-70.5068188009
-76.7702170635
-83.0336153261
-89.2970135887
-95.5604118513
-101.823810114
-108.087208376
-114.350606639
-120.614004902
-126.877403164
-133.140801427
-136.913562365
-143.176960628
-149.44035889
-155.703757153
-161.967155415
-7.17968899447
-13.4430872571
-17.9204240715
-23.320846661
-26.6097148577
-32.0101374472
-36.7128879615
-41.190224776
-46.5906473655
-52.8540456281
-57.5567961424
-62.9572187319
-68.3576413214
-74.621039584
-80.8844378466
-86.284860436
-92.5482586986
-97.251009213
-103.514407476
-108.914830065
-112.203698262
-116.084115928
-122.34751419
-126.824851005
-132.225273594
-137.625696184
-5.81413053183
-10.4242882593
-15.0344459868
-21.2978442494
-25.9080019769
-32.1714002395
-36.781557967
-41.3917156945
-46.001873422
-50.6120311495
-54.103475409
-58.7136331365
-63.323790864
-67.5234959419
-72.1336536694
-78.397051932
-83.0072096595
-86.498653919
-91.1088116465
-97.3722099091
-101.982367637
-106.592525364
-111.202683092
-115.812840819
-122.076239082
-128.339637344
-8.56598335559
-14.8293816182
-21.0927798808
-27.3561781434
-31.2880037761
-37.5514020387
-43.8148003013
-50.0781985639
-56.3415968265
-62.604995089
-68.8683933516
-75.1317916142
-81.3951898768
-87.6585881394
-93.921986402
-100.185384665
-106.448782927
-112.71218119
-118.975579452
-125.238977715
-129.170803348
-135.43420161
-141.697599873
-147.960998135
-154.224396398
-160.487794661