-3.91202300543
-6.21460809842
-8.51719319142
-10.8197782844
-13.1223633774
-15.4249484704
-17.7275335634
-20.0301186564
-22.3327037494
-24.6352888424
-26.9378739354
-29.2404590284
-31.5430441214
-33.8456292144
-36.1482143073
-38.4507994003
-40.7533844933
-43.0559695863
-45.3585546793
-47.6611397723
-49.9637248653
-53.7364858034
-56.0390708964
-58.3416559894
-60.6442410824
-62.9468261754
-3.21887582487
-5.52146091786
-9.99879773234
-15.3992203218
-18.6880885185
-24.088511108
-28.7912616223
-33.2685984368
-38.6690210263
-40.9716061193
-45.6743566336
-51.0747792231
-56.4752018126
-58.7777869056
-61.0803719986
-66.4807945881
-68.783379681
-73.4861301954
-75.7887152884
-81.1891378779
-84.4780060745
-88.3584237406
-90.6610088335
-95.138345648
-100.538768238
-105.939190827
-5.81413053183
-10.4242882593
-15.0344459868
-17.3370310798
-21.9471888073
-24.2497739003
-28.8599316278
-33.4700893553
-38.0802470828
-42.6904048103
-46.1818490698
-50.7920067973
-55.4021645248
-59.6018696027
-64.2120273302
-66.5146124232
-71.1247701507
-74.6162144102
-79.2263721377
-81.5289572307
-86.1391149582
-90.7492726857
-95.3594304132
-99.9695881407
-102.272173234
-104.574758327
-4.60517018599
-6.90775527898
-9.21034037198
-11.512925465
-15.4447510977
-17.7473361907
-20.0499212837
-22.3525063767
-24.6550914697
-26.9576765627
-29.2602616557
-31.5628467487
-33.8654318416
-36.1680169346
-38.4706020276
-40.7731871206
-43.0757722136
-45.3783573066
-47.6809423996
-49.9835274926
-53.9153531253
-56.2179382183
-58.5205233113
-60.8231084043
-63.1256934973
-65.4282785903